Date,High,Low,Open,Close,Volume,Adj Close
2018-01-02,29.899999618530273,29.610000610351562,29.75,29.899999618530273,57121600.0,29.360206604003906
2018-01-03,29.940000534057617,29.690000534057617,29.899999618530273,29.799999237060547,57865700.0,29.26201057434082
2018-01-04,30.440000534057617,29.8799991607666,29.969999313354492,30.190000534057617,76512500.0,29.644969940185547
2018-01-05,30.420000076293945,30.049999237060547,30.3700008392334,30.329999923706055,56445200.0,29.782442092895508
2018-01-08,30.270000457763672,30.049999237060547,30.229999542236328,30.1200008392334,42914800.0,29.576234817504883
2018-01-09,30.540000915527344,30.1299991607666,30.200000762939453,30.270000457763672,69479100.0,29.723527908325195
2018-01-10,30.729999542236328,30.309999465942383,30.3700008392334,30.549999237060547,63532800.0,29.998470306396484
2018-01-11,30.690000534057617,30.450000762939453,30.65999984741211,30.65999984741211,59318300.0,30.10648536682129
2018-01-12,31.200000762939453,30.770000457763672,30.8799991607666,31.190000534057617,66371600.0,30.626916885375977
2018-01-16,31.790000915527344,31.030000686645508,31.739999771118164,31.239999771118164,104467900.0,30.676013946533203
2018-01-17,31.290000915527344,30.34000015258789,31.0,31.18000030517578,122797400.0,30.617095947265625
2018-01-18,31.709999084472656,31.209999084472656,31.329999923706055,31.479999542236328,76463800.0,30.911680221557617
2018-01-19,31.739999771118164,31.459999084472656,31.579999923706055,31.719999313354492,66491000.0,31.147350311279297
2018-01-22,31.940000534057617,31.579999923706055,31.670000076293945,31.940000534057617,53848800.0,31.363378524780273
2018-01-23,32.130001068115234,31.790000915527344,31.860000610351562,31.920000076293945,56531400.0,31.343738555908203
2018-01-24,32.209999084472656,31.81999969482422,32.0099983215332,32.09000015258789,81585000.0,31.510669708251953
2018-01-25,32.25,31.93000030517578,32.2400016784668,32.09000015258789,62265800.0,31.510669708251953
2018-01-26,32.20000076293945,31.950000762939453,32.11000061035156,32.20000076293945,52699900.0,31.618684768676758
2018-01-29,32.45000076293945,32.18000030517578,32.25,32.279998779296875,59126500.0,31.69723892211914
2018-01-30,32.20000076293945,31.850000381469727,31.950000762939453,31.8799991607666,60555800.0,31.304460525512695
2018-01-31,32.290000915527344,31.950000762939453,32.04999923706055,32.0,65734100.0,31.42229652404785
2018-02-01,32.5,31.959999084472656,32.0,32.5,62367400.0,31.91326904296875
2018-02-02,32.66999816894531,31.860000610351562,32.439998626708984,31.950000762939453,96971900.0,31.373199462890625
2018-02-05,31.979999542236328,29.149999618530273,31.1200008392334,30.260000228881836,155908300.0,29.713708877563477
2018-02-06,31.290000915527344,29.299999237060547,29.40999984741211,31.200000762939453,165878400.0,30.636735916137695
2018-02-07,31.739999771118164,30.860000610351562,31.1200008392334,31.25,101180500.0,30.685832977294922
2018-02-08,31.3799991607666,29.729999542236328,31.309999465942383,29.739999771118164,128981300.0,29.203092575073242
2018-02-09,30.610000610351562,29.1299991607666,30.170000076293945,30.329999923706055,143071100.0,29.782442092895508
2018-02-12,31.440000534057617,30.540000915527344,30.6200008392334,31.1200008392334,95055100.0,30.558183670043945
2018-02-13,31.399999618530273,30.760000228881836,31.040000915527344,31.18000030517578,76727300.0,30.617095947265625
2018-02-14,32.029998779296875,31.059999465942383,31.170000076293945,32.0,97251500.0,31.42229652404785
2018-02-15,32.470001220703125,31.8700008392334,32.38999938964844,32.209999084472656,68117400.0,31.628503799438477
2018-02-16,32.2599983215332,31.920000076293945,32.0,31.969999313354492,62137800.0,31.39283561706543
2018-02-20,32.15999984741211,31.75,31.959999084472656,31.93000030517578,58573900.0,31.353557586669922
2018-02-21,32.369998931884766,31.770000457763672,31.799999237060547,31.8700008392334,72210300.0,31.29464340209961
2018-02-22,32.13999938964844,31.59000015258789,31.989999771118164,31.690000534057617,64749700.0,31.117891311645508
2018-02-23,32.060001373291016,31.760000228881836,31.799999237060547,32.029998779296875,53626300.0,31.451749801635742
2018-02-26,32.439998626708984,32.04999923706055,32.16999816894531,32.41999816894531,61796300.0,31.8347110748291
2018-02-27,32.849998474121094,32.31999969482422,32.31999969482422,32.33000183105469,69235500.0,31.746339797973633
2018-02-28,32.77000045776367,32.09000015258789,32.4900016784668,32.099998474121094,72044000.0,31.520488739013672
2018-03-01,32.349998474121094,31.360000610351562,32.06999969482422,31.479999542236328,90547100.0,31.027673721313477
2018-03-02,31.690000534057617,30.6299991607666,31.1200008392334,31.6299991607666,82739100.0,31.175518035888672
2018-03-05,32.349998474121094,31.170000076293945,31.350000381469727,32.130001068115234,70543100.0,31.6683349609375
2018-03-06,32.31999969482422,31.950000762939453,32.29999923706055,32.11000061035156,50832600.0,31.648622512817383
2018-03-07,32.22999954223633,31.579999923706055,31.700000762939453,32.18000030517578,52763900.0,31.717615127563477
2018-03-08,32.27000045776367,31.809999465942383,32.189998626708984,32.20000076293945,53139800.0,31.737329483032227
2018-03-09,32.72999954223633,32.400001525878906,32.470001220703125,32.720001220703125,73905800.0,32.24985885620117
2018-03-12,33.04999923706055,32.63999938964844,32.689998626708984,32.84000015258789,60322800.0,32.368133544921875
2018-03-13,32.9900016784668,32.29999923706055,32.970001220703125,32.36000061035156,63347500.0,31.895029067993164
2018-03-14,32.54999923706055,31.93000030517578,32.54999923706055,32.13999938964844,58011400.0,31.67818832397461
2018-03-15,32.34000015258789,31.93000030517578,32.290000915527344,32.099998474121094,41964200.0,31.638765335083008
2018-03-16,32.56999969482422,32.08000183105469,32.11000061035156,32.16999816894531,83447600.0,31.7077579498291
2018-03-19,32.220001220703125,31.68000030517578,32.130001068115234,31.979999542236328,57363200.0,31.520488739013672
2018-03-20,32.20000076293945,31.8799991607666,32.060001373291016,31.979999542236328,44784500.0,31.520488739013672
2018-03-21,32.45000076293945,31.68000030517578,32.0,31.8700008392334,64546300.0,31.412071228027344
2018-03-22,31.489999771118164,30.420000076293945,31.440000534057617,30.549999237060547,110271900.0,30.111034393310547
2018-03-23,30.709999084472656,29.049999237060547,30.690000534057617,29.170000076293945,115740200.0,28.750865936279297
2018-03-26,30.559999465942383,29.649999618530273,29.889999389648438,30.440000534057617,83297000.0,30.00261688232422
2018-03-27,30.670000076293945,29.209999084472656,30.649999618530273,29.520000457763672,85821800.0,29.095836639404297
2018-03-28,29.959999084472656,29.010000228881836,29.790000915527344,29.389999389648438,79396100.0,28.96770477294922
2018-03-29,30.139999389648438,29.309999465942383,29.56999969482422,29.989999771118164,65678300.0,29.559083938598633
2018-04-02,30.059999465942383,28.75,29.799999237060547,29.309999465942383,86644200.0,28.88885498046875
2018-04-03,29.649999618530273,29.100000381469727,29.540000915527344,29.59000015258789,69698700.0,29.16482925415039
2018-04-04,29.969999313354492,28.950000762939453,29.0,29.8799991607666,66640800.0,29.45066261291504
2018-04-05,30.549999237060547,30.1200008392334,30.18000030517578,30.31999969482422,55765500.0,29.884340286254883
2018-04-06,30.290000915527344,29.3700008392334,30.010000228881836,29.6299991607666,79687600.0,29.204256057739258
2018-04-09,30.6299991607666,29.760000228881836,29.81999969482422,29.8700008392334,65917500.0,29.440807342529297
2018-04-10,30.579999923706055,30.229999542236328,30.479999542236328,30.479999542236328,60540500.0,30.042041778564453
2018-04-11,30.239999771118164,29.889999389648438,30.149999618530273,29.899999618530273,62211500.0,29.47037696838379
2018-04-12,30.799999237060547,30.170000076293945,30.219999313354492,30.649999618530273,57989100.0,30.2096004486084
2018-04-13,31.170000076293945,29.559999465942383,31.1299991607666,29.799999237060547,99254500.0,29.37181282043457
2018-04-16,30.3700008392334,29.469999313354492,30.079999923706055,29.93000030517578,110588900.0,29.49994659423828
2018-04-17,30.3700008392334,29.8799991607666,30.170000076293945,30.040000915527344,83475900.0,29.608366012573242
2018-04-18,30.219999313354492,29.5,30.030000686645508,29.530000686645508,79743200.0,29.105693817138672
2018-04-19,30.239999771118164,29.540000915527344,29.549999237060547,30.18000030517578,80902600.0,29.746353149414062
2018-04-20,30.530000686645508,30.1299991607666,30.260000228881836,30.260000228881836,65554600.0,29.825204849243164
2018-04-23,30.399999618530273,30.1200008392334,30.270000457763672,30.31999969482422,50686300.0,29.884340286254883
2018-04-24,30.860000610351562,30.0,30.459999084472656,30.190000534057617,81486800.0,29.756210327148438
2018-04-25,30.34000015258789,29.799999237060547,30.09000015258789,30.139999389648438,65893500.0,29.706928253173828
2018-04-26,30.280000686645508,29.989999771118164,30.040000915527344,30.06999969482422,45936700.0,29.6379337310791
2018-04-27,30.209999084472656,29.969999313354492,29.989999771118164,30.149999618530273,47411200.0,29.71678352355957
2018-04-30,30.43000030517578,29.920000076293945,30.270000457763672,29.920000076293945,55153900.0,29.49009132385254
2018-05-01,29.959999084472656,29.6200008392334,29.920000076293945,29.950000762939453,52871700.0,29.519657135009766
2018-05-02,30.06999969482422,29.559999465942383,29.950000762939453,29.579999923706055,68234600.0,29.154972076416016
2018-05-03,29.520000457763672,28.43000030517578,29.510000228881836,29.200000762939453,110672700.0,28.780437469482422
2018-05-04,29.420000076293945,28.81999969482422,28.989999771118164,29.299999237060547,58281900.0,28.878997802734375
2018-05-07,29.790000915527344,29.329999923706055,29.440000534057617,29.639999389648438,46765200.0,29.214113235473633
2018-05-08,30.1299991607666,29.670000076293945,29.770000457763672,29.93000030517578,65119800.0,29.49994659423828
2018-05-09,30.790000915527344,30.079999923706055,30.100000381469727,30.719999313354492,72266500.0,30.278594970703125
2018-05-10,31.06999969482422,30.420000076293945,30.610000610351562,30.889999389648438,54773200.0,30.446151733398438
2018-05-11,31.030000686645508,30.809999465942383,30.90999984741211,30.920000076293945,42024800.0,30.475719451904297
2018-05-14,31.229999542236328,31.030000686645508,31.040000915527344,31.1200008392334,41791600.0,30.672847747802734
2018-05-15,31.360000610351562,30.850000381469727,30.920000076293945,31.219999313354492,64433500.0,30.77140998840332
2018-05-16,31.25,31.020000457763672,31.18000030517578,31.059999465942383,43590100.0,30.61370849609375
2018-05-17,31.079999923706055,30.670000076293945,31.040000915527344,30.809999465942383,45981500.0,30.367300033569336
2018-05-18,30.790000915527344,30.229999542236328,30.770000457763672,30.260000228881836,58641700.0,29.825204849243164
2018-05-21,30.68000030517578,30.479999542236328,30.520000457763672,30.549999237060547,34983300.0,30.111034393310547
2018-05-22,31.139999389648438,30.540000915527344,30.600000381469727,30.889999389648438,61103000.0,30.446151733398438
2018-05-23,30.760000228881836,30.079999923706055,30.709999084472656,30.440000534057617,73081400.0,30.00261688232422
2018-05-24,30.40999984741211,29.829999923706055,30.399999618530273,30.209999084472656,62146200.0,29.775920867919922
2018-05-25,30.190000534057617,29.8799991607666,30.010000228881836,30.15999984741211,44166700.0,29.726640701293945
2018-05-29,29.799999237060547,28.700000762939453,29.760000228881836,28.959999084472656,135895000.0,28.543880462646484
2018-05-30,29.600000381469727,29.15999984741211,29.290000915527344,29.489999771118164,79435300.0,29.066267013549805
2018-05-31,29.260000228881836,28.829999923706055,29.200000762939453,29.040000915527344,97509300.0,28.739681243896484
2018-06-01,29.65999984741211,29.309999465942383,29.489999771118164,29.399999618530273,64796600.0,29.095956802368164
2018-06-04,29.59000015258789,29.329999923706055,29.549999237060547,29.399999618530273,43777000.0,29.095956802368164
2018-06-05,29.34000015258789,29.059999465942383,29.309999465942383,29.1200008392334,47690800.0,28.8188533782959
2018-06-06,30.049999237060547,29.280000686645508,29.290000915527344,30.040000915527344,74995800.0,29.729339599609375
2018-06-07,30.309999465942383,29.889999389648438,30.200000762939453,30.09000015258789,68402700.0,29.778820037841797
2018-06-08,30.049999237060547,29.809999465942383,30.010000228881836,30.010000228881836,49572900.0,29.699647903442383
2018-06-11,30.40999984741211,30.059999465942383,30.1299991607666,30.059999465942383,46732800.0,29.749130249023438
2018-06-12,30.270000457763672,29.75,30.170000076293945,29.899999618530273,49644600.0,29.59078598022461
2018-06-13,30.360000610351562,29.700000762939453,29.979999542236328,29.84000015258789,68900200.0,29.53140640258789
2018-06-14,30.049999237060547,29.3799991607666,30.040000915527344,29.5,77863200.0,29.194921493530273
2018-06-15,29.40999984741211,28.8700008392334,29.25,29.280000686645508,105079500.0,28.977197647094727
2018-06-18,29.5,28.809999465942383,28.940000534057617,29.399999618530273,52644100.0,29.095956802368164
2018-06-19,29.3700008392334,28.950000762939453,29.040000915527344,29.260000228881836,65466200.0,28.95740509033203
2018-06-20,29.5,29.18000030517578,29.420000076293945,29.239999771118164,52256500.0,28.937610626220703
2018-06-21,29.450000762939453,29.0,29.209999084472656,29.290000915527344,68322600.0,28.98709487915039
2018-06-22,29.520000457763672,28.989999771118164,29.459999084472656,28.989999771118164,76079200.0,28.690195083618164
2018-06-25,28.90999984741211,28.260000228881836,28.860000610351562,28.479999542236328,73616400.0,28.185470581054688
2018-06-26,28.670000076293945,28.010000228881836,28.520000457763672,28.540000915527344,56369300.0,28.24485206604004
2018-06-27,28.850000381469727,28.239999771118164,28.510000228881836,28.239999771118164,61764400.0,27.947952270507812
2018-06-28,28.84000015258789,28.299999237060547,28.399999618530273,28.670000076293945,71292100.0,28.373506546020508
2018-06-29,29.170000076293945,28.18000030517578,29.09000015258789,28.190000534057617,102307600.0,27.89847183227539
2018-07-02,28.280000686645508,27.829999923706055,28.079999923706055,28.280000686645508,52534300.0,27.987539291381836
2018-07-03,28.43000030517578,27.739999771118164,28.329999923706055,27.780000686645508,40599000.0,27.49271011352539
2018-07-05,28.079999923706055,27.809999465942383,27.950000762939453,27.920000076293945,44506800.0,27.631261825561523
2018-07-06,28.149999618530273,27.6299991607666,27.809999465942383,28.030000686645508,39424900.0,27.74012565612793
2018-07-09,29.09000015258789,28.219999313354492,28.229999542236328,29.049999237060547,61758900.0,28.749576568603516
2018-07-10,29.329999923706055,28.75,29.219999313354492,28.829999923706055,58858400.0,28.53185272216797
2018-07-11,28.90999984741211,28.6200008392334,28.670000076293945,28.68000030517578,50218900.0,28.383403778076172
2018-07-12,28.969999313354492,28.65999984741211,28.899999618530273,28.770000457763672,51700700.0,28.47247314453125
2018-07-13,28.690000534057617,28.219999313354492,28.6200008392334,28.549999237060547,75178000.0,28.25474739074707
2018-07-16,29.850000381469727,28.729999542236328,28.780000686645508,29.780000686645508,129172000.0,29.472028732299805
2018-07-17,30.200000762939453,29.579999923706055,29.889999389648438,30.010000228881836,87778900.0,29.699647903442383
2018-07-18,30.290000915527344,29.84000015258789,29.920000076293945,30.1299991607666,59109200.0,29.81840705871582
2018-07-19,30.020000457763672,29.639999389648438,29.93000030517578,29.670000076293945,59260600.0,29.3631649017334
2018-07-20,30.15999984741211,29.459999084472656,29.6200008392334,30.1299991607666,80432700.0,29.81840705871582
2018-07-23,30.850000381469727,30.1299991607666,30.139999389648438,30.75,74080200.0,30.431995391845703
2018-07-24,31.110000610351562,30.649999618530273,30.850000381469727,30.829999923706055,64761500.0,30.511167526245117
2018-07-25,31.110000610351562,30.670000076293945,30.700000762939453,31.06999969482422,57644100.0,30.748685836791992
2018-07-26,31.209999084472656,30.889999389648438,31.190000534057617,30.940000534057617,46215000.0,30.620031356811523
2018-07-27,31.139999389648438,30.799999237060547,30.989999771118164,31.059999465942383,57198900.0,30.738788604736328
2018-07-30,31.450000762939453,31.1299991607666,31.139999389648438,31.309999465942383,58721000.0,30.986204147338867
2018-07-31,31.420000076293945,30.81999969482422,31.360000610351562,30.8799991607666,64066000.0,30.560649871826172
2018-08-01,31.549999237060547,31.170000076293945,31.219999313354492,31.25,69070700.0,30.92682456970215
2018-08-02,31.309999465942383,30.8700008392334,30.979999542236328,31.280000686645508,46427200.0,30.956514358520508
2018-08-03,31.510000228881836,31.15999984741211,31.18000030517578,31.510000228881836,50153800.0,31.18413734436035
2018-08-06,31.59000015258789,31.31999969482422,31.450000762939453,31.520000457763672,41261500.0,31.194032669067383
2018-08-07,31.799999237060547,31.489999771118164,31.549999237060547,31.510000228881836,43946200.0,31.18413734436035
2018-08-08,31.90999984741211,31.479999542236328,31.510000228881836,31.799999237060547,43689600.0,31.47113609313965
2018-08-09,31.790000915527344,31.549999237060547,31.729999542236328,31.600000381469727,38209400.0,31.27320671081543
2018-08-10,31.329999923706055,30.899999618530273,31.229999542236328,31.190000534057617,55679800.0,30.86744499206543
2018-08-13,31.1200008392334,30.450000762939453,31.079999923706055,30.479999542236328,63901000.0,30.16478729248047
2018-08-14,30.899999618530273,30.420000076293945,30.610000610351562,30.790000915527344,42521200.0,30.471582412719727
2018-08-15,30.6200008392334,30.15999984741211,30.479999542236328,30.360000610351562,59747900.0,30.046030044555664
2018-08-16,30.84000015258789,30.520000457763672,30.559999465942383,30.719999313354492,44015400.0,30.402305603027344
2018-08-17,30.860000610351562,30.549999237060547,30.65999984741211,30.739999771118164,39843500.0,30.42209815979004
2018-08-20,30.93000030517578,30.649999618530273,30.690000534057617,30.8700008392334,40011000.0,30.550756454467773
2018-08-21,31.25,30.829999923706055,30.90999984741211,31.020000457763672,53510600.0,30.69920539855957
2018-08-22,31.09000015258789,30.8799991607666,30.920000076293945,30.979999542236328,33062900.0,30.659616470336914
2018-08-23,30.979999542236328,30.739999771118164,30.940000534057617,30.84000015258789,38259100.0,30.52106475830078
2018-08-24,31.079999923706055,30.850000381469727,30.940000534057617,30.889999389648438,43585000.0,30.570547103881836
2018-08-27,31.489999771118164,30.989999771118164,31.030000686645508,31.309999465942383,47729300.0,30.986204147338867
2018-08-28,31.40999984741211,31.190000534057617,31.360000610351562,31.270000457763672,38539000.0,30.946619033813477
2018-08-29,31.309999465942383,31.06999969482422,31.239999771118164,31.139999389648438,46401800.0,30.817962646484375
2018-08-30,31.149999618530273,30.950000762939453,31.020000457763672,31.010000228881836,47358900.0,30.689308166503906
2018-08-31,30.950000762939453,30.6200008392334,30.8799991607666,30.93000030517578,49266000.0,30.61013412475586
2018-09-04,31.15999984741211,30.81999969482422,30.90999984741211,31.139999389648438,44745600.0,30.817962646484375
2018-09-05,31.239999771118164,30.969999313354492,31.06999969482422,31.18000030517578,48516700.0,30.857547760009766
2018-09-06,31.110000610351562,30.729999542236328,31.049999237060547,30.850000381469727,42666000.0,30.67854881286621
2018-09-07,31.1200008392334,30.6299991607666,31.0,30.860000610351562,49103800.0,30.688493728637695
2018-09-10,31.0,30.75,30.8799991607666,30.81999969482422,34156200.0,30.648714065551758
2018-09-11,30.899999618530273,30.700000762939453,30.719999313354492,30.850000381469727,53071000.0,30.67854881286621
2018-09-12,30.959999084472656,30.3799991607666,30.8799991607666,30.43000030517578,59482300.0,30.260883331298828
2018-09-13,30.670000076293945,30.079999923706055,30.530000686645508,30.139999389648438,59219500.0,29.97249412536621
2018-09-14,30.389999389648438,30.110000610351562,30.1299991607666,30.3700008392334,33743900.0,30.201215744018555
2018-09-17,30.489999771118164,30.149999618530273,30.34000015258789,30.280000686645508,35026600.0,30.111717224121094
2018-09-18,30.399999618530273,30.1299991607666,30.329999923706055,30.209999084472656,49921700.0,30.042104721069336
2018-09-19,31.200000762939453,30.1299991607666,30.1299991607666,31.0,92666300.0,30.827714920043945
2018-09-20,31.3700008392334,31.139999389648438,31.299999237060547,31.190000534057617,83357400.0,31.016658782958984
2018-09-21,31.3700008392334,30.969999313354492,31.34000015258789,31.030000686645508,85992100.0,30.857547760009766
2018-09-24,31.200000762939453,30.65999984741211,30.979999542236328,30.739999771118164,45587700.0,30.56915855407715
2018-09-25,31.040000915527344,30.600000381469727,30.850000381469727,30.670000076293945,40949900.0,30.499547958374023
2018-09-26,30.739999771118164,30.059999465942383,30.709999084472656,30.1299991607666,57882400.0,29.962549209594727
2018-09-27,30.309999465942383,29.93000030517578,30.239999771118164,29.940000534057617,45879700.0,29.773605346679688
2018-09-28,29.850000381469727,29.420000076293945,29.649999618530273,29.459999084472656,74707600.0,29.29627227783203
2018-10-01,29.940000534057617,29.540000915527344,29.68000030517578,29.649999618530273,53900900.0,29.48521614074707
2018-10-02,29.719999313354492,29.270000457763672,29.579999923706055,29.579999923706055,42940300.0,29.415605545043945
2018-10-03,30.18000030517578,29.719999313354492,29.809999465942383,30.0,61080300.0,29.83327293395996
2018-10-04,30.790000915527344,30.139999389648438,30.170000076293945,30.43000030517578,72325700.0,30.260883331298828
2018-10-05,30.649999618530273,30.049999237060547,30.600000381469727,30.229999542236328,51931000.0,30.061992645263672
2018-10-08,30.420000076293945,29.90999984741211,30.049999237060547,30.270000457763672,47471600.0,30.10177230834961
2018-10-09,30.190000534057617,29.8700008392334,30.030000686645508,29.979999542236328,58868600.0,29.813383102416992
2018-10-10,30.1299991607666,29.209999084472656,29.979999542236328,29.239999771118164,88454400.0,29.077495574951172
2018-10-11,29.25,28.260000228881836,28.889999389648438,28.360000610351562,111417300.0,28.2023868560791
2018-10-12,29.040000915527344,27.729999542236328,28.989999771118164,28.459999084472656,102279200.0,28.301830291748047
2018-10-15,28.6200008392334,27.639999389648438,28.489999771118164,27.920000076293945,114636100.0,27.76483154296875
2018-10-16,28.579999923706055,27.899999618530273,28.239999771118164,28.530000686645508,87887800.0,28.371442794799805
2018-10-17,29.190000534057617,28.15999984741211,28.3700008392334,28.899999618530273,79068700.0,28.7393856048584
2018-10-18,28.899999618530273,28.139999389648438,28.670000076293945,28.25,77369200.0,28.092998504638672
2018-10-19,28.520000457763672,27.969999313354492,28.139999389648438,28.31999969482422,64305400.0,28.162609100341797
2018-10-22,28.350000381469727,27.309999465942383,28.31999969482422,27.3799991607666,89942900.0,27.227832794189453
2018-10-23,27.200000762939453,26.110000610351562,26.389999389648438,27.020000457763672,102392500.0,26.869834899902344
2018-10-24,26.899999618530273,26.079999923706055,26.860000610351562,26.190000534057617,86386600.0,26.04444694519043
2018-10-25,26.93000030517578,26.18000030517578,26.3799991607666,26.59000015258789,73780400.0,26.442224502563477
2018-10-26,26.579999923706055,25.8799991607666,26.329999923706055,26.389999389648438,91103500.0,26.24333381652832
2018-10-29,27.18000030517578,26.290000915527344,26.690000534057617,26.610000610351562,89367000.0,26.462112426757812
2018-10-30,26.860000610351562,26.31999969482422,26.760000228881836,26.780000686645508,79004800.0,26.631168365478516
2018-10-31,27.8799991607666,27.059999465942383,27.100000381469727,27.5,92296300.0,27.347166061401367
2018-11-01,28.0,27.610000610351562,27.770000457763672,27.809999465942383,49827300.0,27.65544319152832
2018-11-02,28.3799991607666,27.520000457763672,28.010000228881836,27.889999389648438,69010200.0,27.73499870300293
2018-11-05,28.239999771118164,27.889999389648438,27.950000762939453,28.059999465942383,41103100.0,27.904052734375
2018-11-06,28.25,27.739999771118164,28.020000457763672,28.209999084472656,43514400.0,28.053218841552734
2018-11-07,28.670000076293945,28.139999389648438,28.420000076293945,28.540000915527344,56679200.0,28.38138771057129
2018-11-08,29.1200008392334,28.43000030517578,28.5,28.8700008392334,49421200.0,28.709552764892578
2018-11-09,28.889999389648438,28.3799991607666,28.75,28.520000457763672,43270600.0,28.36149787902832
2018-11-12,28.520000457763672,27.639999389648438,28.3799991607666,27.75,50307500.0,27.59577751159668
2018-11-13,28.139999389648438,27.690000534057617,27.75,27.760000228881836,57423400.0,27.60572052001953
2018-11-14,28.100000381469727,26.780000686645508,27.950000762939453,27.209999084472656,69213300.0,27.05877685546875
2018-11-15,27.969999313354492,26.8799991607666,27.139999389648438,27.899999618530273,66174800.0,27.744943618774414
2018-11-16,27.889999389648438,27.420000076293945,27.690000534057617,27.75,52456100.0,27.59577751159668
2018-11-19,28.020000457763672,27.540000915527344,27.780000686645508,27.75,46000000.0,27.59577751159668
2018-11-20,27.56999969482422,26.969999313354492,27.420000076293945,27.3799991607666,92330600.0,27.227832794189453
2018-11-21,27.760000228881836,27.25,27.59000015258789,27.270000457763672,40364400.0,27.118444442749023
2018-11-23,27.170000076293945,26.8799991607666,27.079999923706055,26.969999313354492,22974100.0,26.820110321044922
2018-11-26,27.729999542236328,27.100000381469727,27.18000030517578,27.559999465942383,53210700.0,27.406831741333008
2018-11-27,27.899999618530273,27.389999389648438,27.43000030517578,27.739999771118164,43617100.0,27.585832595825195
2018-11-28,28.469999313354492,27.559999465942383,27.8799991607666,28.43000030517578,61388100.0,28.271997451782227
2018-11-29,28.350000381469727,27.969999313354492,28.18000030517578,28.040000915527344,46824600.0,27.884166717529297
2018-11-30,28.6299991607666,27.8700008392334,27.940000534057617,28.399999618530273,64284600.0,28.242164611816406
2018-12-03,29.040000915527344,28.360000610351562,28.989999771118164,28.540000915527344,59908700.0,28.38138771057129
2018-12-04,28.31999969482422,26.729999542236328,28.31999969482422,26.989999771118164,103565700.0,26.84000015258789
2018-12-06,26.31999969482422,25.530000686645508,26.229999542236328,26.280000686645508,133294200.0,26.280000686645508
2018-12-07,26.540000915527344,25.299999237060547,26.149999618530273,25.43000030517578,107477600.0,25.43000030517578
2018-12-10,25.229999542236328,24.290000915527344,25.18000030517578,24.760000228881836,110166900.0,24.760000228881836
2018-12-11,25.399999618530273,24.530000686645508,25.209999084472656,24.579999923706055,78545000.0,24.579999923706055
2018-12-12,24.989999771118164,24.3700008392334,24.8700008392334,24.520000457763672,87191800.0,24.520000457763672
2018-12-13,24.81999969482422,24.280000686645508,24.65999984741211,24.399999618530273,64860100.0,24.399999618530273
2018-12-14,24.8700008392334,24.1200008392334,24.18000030517578,24.479999542236328,92762600.0,24.479999542236328
2018-12-17,24.93000030517578,24.15999984741211,24.260000228881836,24.469999313354492,98602800.0,24.469999313354492
2018-12-18,25.09000015258789,24.309999465942383,24.670000076293945,24.469999313354492,89046300.0,24.469999313354492
2018-12-19,25.239999771118164,24.06999969482422,24.450000762939453,24.18000030517578,121887600.0,24.18000030517578
2018-12-20,24.43000030517578,23.760000228881836,23.850000381469727,24.110000610351562,112594000.0,24.110000610351562
2018-12-21,24.510000228881836,23.260000228881836,23.90999984741211,23.3700008392334,160800400.0,23.3700008392334
2018-12-24,23.209999084472656,22.65999984741211,22.760000228881836,22.729999542236328,64859100.0,22.729999542236328
2018-12-26,24.18000030517578,22.690000534057617,22.90999984741211,24.110000610351562,100877800.0,24.110000610351562
2018-12-27,24.3700008392334,23.389999389648438,23.780000686645508,24.3700008392334,91575400.0,24.3700008392334
2018-12-28,24.75,24.260000228881836,24.59000015258789,24.389999389648438,78693800.0,24.389999389648438
2018-12-31,24.969999313354492,24.3700008392334,24.56999969482422,24.639999389648438,56257300.0,24.639999389648438
